Time	C0.4	C0.2	C0.1	C0.05	C0.025	C0
5	111.7	111.275	110.15	110.05	108.625	109.025
10	113.25	113.025	110.475	109.9	111.05	111.125
15	117	111	110.775	110.85	111.075	110.125
20	120.7	113.95	111.125	110.875	110.4	109.7
25	121.475	114.675	111.625	109.45	109.3	110.025
30	125.275	117.575	111.45	111.625	109.65	108.6
35	126.925	119.15	114.05	110.4	108.625	110.925
40	129.65	119.6	113.7	111.725	111.975	110.975
45	132.825	120.45	114.525	111.85	110.3	109.65
50	136.65	121.075	114.775	112.75	110.55	110.175
55	137.675	123.325	115.8	112.925	111.475	109.6
60	139.175	124.425	116.825	112.8	112.25	110.525
65	143.875	123.4	115.775	112.05	110.8	109.65
70	143.65	125.275	116.25	112.175	111.4	110.775
75	147.725	126.875	117.775	112.7	111.1	108.625
80	147.625	128.625	117.4	112.55	110.625	110.75
85	149.35	129.925	117.525	112.95	111.725	111.15
90	152.325	131.85	118.3	114.2	111.325	109.25
95	153.5	133.6	120.075	114.075	112.1	110.375
100	155.1	131.2	120.05	113.95	112.075	110.425
105	157.85	134.95	120.525	114.05	112.95	110.55
110	158.6	134.525	122.4	115.675	112.425	109.025
115	159.025	136.175	121.675	114.525	111.9	110.75
120	162.325	137.525	120.275	114.85	112.1	109.375
125	163.85	139.725	123.05	114.5	113.375	108.425
130	164.325	140.875	121.95	115.775	114.275	110.675
135	162.6	140.25	122.025	113.85	113.375	110.7
140	165.8	141.9	121.775	117	112.3	111.025
145	167.875	141.925	124.4	117.825	115.225	109.475
150	171.25	143.85	125.775	115.75	114.225	110.05
155	169.325	146.425	127.025	116.2	113.9	111.475
160	169.225	146.375	126.775	118.4	112.775	110.15
165	170.975	146.55	125.95	117.425	115.625	108.875
170	171.65	146.85	126.225	117.975	112.05	109.825
175	173.025	147.5	126.5	119.425	113.825	109.9
180	173	149.05	128	118.275	114.45	110.95
185	172.525	148.7	127.825	119.1	113.525	108.85
190	173.525	152.2	128.25	119.3	114	109.8
195	173.9	151.875	129.725	119.325	115.3	110.375
200	176.625	154.25	129.125	119.975	114.9	110.375
205	175.775	151.625	129.75	118.925	115.9	111.85
210	179.05	154.525	133	119.325	115.475	111.375
215	176.25	156.25	132.8	119.075	114.95	108.625
220	177.4	153.05	131.975	120.425	117.55	109.625
225	175.65	157.225	132.95	118.45	112.625	109.25
230	178.125	156.975	134.1	120.75	115.025	110.475
235	180.825	158.375	133.975	121.975	114.7	110.6
240	177.45	157.425	131.375	120.25	113.275	108.925
245	179.25	160.375	133.325	121.3	116.4	110.1
250	177.6	157.65	133.4	122.45	116.05	108.75
255	180.825	160.025	135.25	122.225	116.025	110.175
260	177.425	162.65	137.975	121.875	114.775	110.125
265	180.925	160.9	136.6	121.4	118.2	110.375
270	181.075	163	137.575	123.7	116.175	110.825
275	179.825	161.925	137.275	122.725	116.45	110.525
280	180.95	163.275	138.05	123.175	116.225	109.75
285	180.95	164.625	137.725	123.3	118.15	109.975
290	183.55	162.825	136.8	122.6	116.1	109.025
295	179.6	163.2	137.95	123.775	117.4	110.35
300	181.075	165.2	138.95	123.85	116.475	110.875
305	181.825	164.075	139.225	123.65	117.85	109.425
310	181.05	166.675	139.125	124.35	117.125	110.95
315	183.925	166.75	141.825	123.925	116.6	111.45
320	182.25	168.55	141.25	123.425	115.575	109.175
325	183.95	169	142.675	125.625	118.6	109.975
330	183.575	170.125	143.3	126.25	117.4	110.15
335	183.9	169.5	142.35	125.9	118.15	108.9
340	180.875	168.025	142.95	126.975	117.775	110.275
345	182	169.05	144.45	126.075	119.325	109.55
350	182.4	168	144.625	127.1	115.725	110.375
355	182.875	169.05	145.1	125.775	118.075	110.5
360	180.325	169.775	144.2	128.6	119.075	110.675
365	181.45	171.15	144.55	128.75	119.75	110.25
370	182.125	172.475	144.225	130.125	118.35	111.5
375	184.775	171.7	144.225	127.825	119.525	110.25
380	182.125	172.975	146.45	127.35	118.95	109.125
385	184.775	170.3	146.675	127.425	120.475	110.55
390	181.825	171.8	149.075	126.875	118.7	109.775
395	184.5	175.55	147.6	127.95	120.775	109.8
400	183.1	173.65	146.85	127.775	119.725	110.75
405	184	173.975	147.025	129.625	119.475	109.15
410	186.725	173.675	149.1	127.725	120.125	110.75
415	180.325	176.925	150.825	129.275	119.775	109.6
420	183.875	177.225	149.275	129.65	121.525	110.75
425	183.175	177.7	151.7	131.275	118.675	110.375
430	183.875	176.1	151.425	129.2	121.775	110.075
435	184.3	174.65	148.55	131.1	121.15	111.6
440	184.35	173.55	150.725	132.2	120.325	110.175
445	182.225	176.8	151.75	130.2	120.875	111.1
450	184.1	177.525	150.35	132.425	121.575	109.85
455	185.275	177.75	152.275	131.95	120.65	112.075
460	182.15	174.9	152.775	132.15	120.4	110.75
465	185.25	177.8	152.625	132.725	121.425	108.9
470	182.725	175.175	151.85	131.75	120.6	109.25
475	181.15	179.95	152.525	132.65	122	111.75
480	182.225	177.725	152.275	130.8	120.825	108.775
485	183.275	178.325	154.275	133.05	123.2	109.4
490	182.825	178.9	154.4	133.825	122.175	110.35
495	184.275	176.35	155.175	132.175	122.325	110.45
500	185.375	178.975	155.025	133.1	122.025	109.65
505	185.1	179.125	157.325	133.375	121.3	110.6
510	184.025	178.5	156.1	132.9	123.9	111.65
515	185.575	179	154.25	133.875	122.575	108.175
520	184.75	180.575	155.075	134.175	123.625	110.6
525	183.775	180.875	157.625	133.925	122.4	110.025
530	181.8	179.475	156.975	134.925	122.3	109.625
535	184.375	180.05	156.35	134.725	122.325	109.45
540	181.4	177.65	157.65	134.675	124.1	110.65
545	186.725	178.35	160.025	134.65	123.95	110.375
550	184.875	177.45	158.275	135.55	124.65	108.65
555	184.625	179.55	157.7	134.075	123.125	110.85
560	183.775	181.9	159.725	137.425	124.35	108.65
565	183.2	179.1	159.025	137.825	123.8	108.975
570	187.3	177.775	159.25	135.9	125.75	109.225
575	183.575	179.4	159.325	136.975	125.275	109.65
580	186.85	181.625	158.575	136.275	122.675	109.525
585	186.2	181.6	159.15	135.75	125.05	111.025
590	184.975	183.7	161.95	137.6	125.45	109.95
595	184.55	183.025	159.8	137.375	126.375	109.575
600	184.45	179.975	159.275	136.75	124.9	111.35
605	185.1	181.975	159.875	136.8	126.35	109.95
610	184.575	182.15	161.125	136.075	126	110.275
615	182.55	181.575	161.2	139.9	123.6	110
620	184.425	182.975	162.3	138.875	125.825	111.075
625	183.325	179.225	161.25	140.3	125.4	109.825
630	182.675	181.475	162.3	138.175	125.2	111.2
635	184.825	182.175	164.55	138.725	126.725	109.825
640	182.325	181.5	162.625	140.025	125.2	109.775
645	181.85	182.975	163.65	139.1	124.925	110.075
650	184.225	182.025	162.05	139.075	125.85	110.55
655	183.975	182.725	162.075	138.15	124.5	108.875
660	187.2	182.925	163.5	142.275	125.475	110.25
665	183.225	181.825	164.525	140.15	127.025	111.975
670	181.55	184.65	163.65	141.25	127	110.2
675	182.925	181.75	164.475	141.75	126.6	109.55
680	185.425	185.925	166.375	141.4	126.275	109.775
685	185.625	182.725	165.1	142.375	129.275	110.4
690	185.975	184.325	161.95	141.725	128.625	111.625
695	182.675	184.85	166.6	142.05	126.825	110.4
700	183.375	182.075	163.8	142.075	127.2	109.95
705	185.05	182.975	165.05	142.875	128.15	109.45
710	183.275	182.825	164.175	142.625	126.8	110.2
715	182.15	182.275	165.975	140.875	129.575	110.425
720	179.775	183.55	166.275	141.975	127.825	111.075
725	184.275	183.5	166.65	142.2	128.9	109.5
730	184.125	186.575	167.325	143.575	127.8	111.475
735	183.55	181.075	167.95	144.075	128.375	110.475
740	184.375	183	166.85	144.425	128.9	112.375
745	183.25	182.825	166.4	144.05	129.6	111.225
750	186.5	181.35	166.975	146.2	128.55	111.725
755	181.35	183.975	169.2	143.575	129.625	109.5
760	182.2	183.825	170.35	144.35	127.775	109.75
765	182.65	184.1	169.6	144.05	129.2	109.775
770	182.225	184.8	167.975	143.95	127.575	110.25
775	183.35	182.15	168.6	144.85	129.2	110.7
780	183.95	186.675	167.425	147.2	130.7	109.825
785	183.675	183.225	167.425	145.9	128.175	111.2
790	181.05	184.5	168.275	142.4	129.9	108.625
795	186.275	182.7	168.825	146.5	127.55	109.6
800	183.125	186.05	169.3	144.225	130.1	111.4
805	184.425	183.375	170.775	144.625	129.125	110
810	184.075	182.8	169.475	145.4	130.125	111.125
815	184.675	183.6	170.15	148.15	130.125	109.7
820	183.4	186.2	171.675	146.55	131.1	109.75
825	183.5	184.5	170.45	148.05	129.85	110.275
830	184.55	186.225	170.85	148	129.075	108.85
835	183.75	184.725	170.7	149.15	132.975	110.3
840	183.375	184.85	169.9	146.225	131.075	110.625
845	183.05	187.35	170.725	148.675	131.675	109.4
850	184.225	186.575	169.95	149.75	132.275	109.5
855	183.075	185.35	173.6	147.125	133.25	110.975
860	186.9	185.95	172.7	147.475	130.875	111.45
865	182.15	184.9	170.875	146.65	131.7	108.775
870	184.575	184.55	171.8	148.375	134.3	112
875	186.05	186.2	173.125	147.025	132.825	110.325
880	184.325	184.475	170.175	150	131.75	111.425
885	184.375	183.875	172.575	150.1	133.275	110.575
890	181.525	183.7	169.025	149.05	130.7	109.675
895	187.225	183.8	173	149.35	131.4	110.8
900	184.15	183.05	171.175	151	129.925	109.175
905	187	184.525	174.65	147.9	132.575	111.45
910	186.3	184.1	173.225	150.325	131.2	109.675
915	182.625	183.45	172.825	148.825	134.05	110.8
920	185.4	185.65	172.65	150.7	131.65	109
925	181.3	185.625	172.9	150.3	132.375	110.975
930	184.775	185.925	174.1	151.1	132.025	110.3
935	187.225	186.525	172.375	150.6	133.25	108.65
940	184.85	184.8	175.075	149.55	131.95	109.8
945	183.85	186.175	173.825	149.925	132.75	110.65
950	186.425	186.7	173.25	152.075	133.2	111.725
955	181.575	181.975	174.45	151.525	133.5	111.5
960	183.225	184.675	173.35	150.15	134.275	110.125
965	181.3	183.225	175.575	153.15	131.875	109.675
970	183.425	185.8	173.775	151.55	132.7	110.6
975	182.3	184.6	175.15	150.9	133.775	109.65
980	183	184.4	174.975	152.575	135.075	109.175
985	182.425	185.925	176.25	151.1	133.925	109.7
990	185.725	183	174.85	151.375	134.625	109.775
995	182.075	184.55	175.55	154.075	135.175	111.25
1000	184.55	183.325	175.075	151.45	133.45	109.825
1005	183.45	185.7	174.9	152.3	134.675	110.75
1010	183.6	183.8	171.95	150.575	133.125	110
1015	184.125	187.125	176.875	153.7	134.375	109.05
1020	182.3	183.6	176.1	152.425	134.85	109.15
1025	184.025	185.725	174.45	154.725	137.95	109.05
1030	182.05	184.825	172	152.4	134.4	110.9
1035	184.075	184.925	174.425	154.75	134.225	110.475
1040	186	187.225	174.9	154.95	137.45	110.725
1045	182.9	187	176.925	153.65	134.925	110.125
1050	184.125	184.45	176.125	153.975	135.65	109.775
1055	182.95	184.825	178.6	155.075	135.975	109.75
1060	182.825	184.825	175.75	153.15	136.25	111.45
1065	183.375	182.05	174.5	153.925	137.775	110.6
1070	182.75	186.775	177.325	155.05	136.75	109.9
1075	183.9	183.95	175.7	153.925	135.7	110.35
1080	184.125	184.425	177.025	153.85	135.95	110.625
1085	186.25	185.025	178.175	154.05	138.125	110.075
1090	185.35	184.65	174.2	158.175	135.5	109.15
1095	186.25	186.775	178.075	156.45	137.15	109.375
1100	185.675	187.6	178.6	157.3	137.35	109.35
1105	187.25	184.075	176.65	155.925	136.4	110.475
